344262608
344265702
344266752
304555804
210231504
214331504
210231338
479470971
501680632
511770193
476948554
477114494
487038405
519950206
471611299
475685687
381292468
381292449
483572380
472080571
478059692
466261803
471368584
383170054
383170065
475914736
383170037
498329768
512613954
512534885
512596116
512534837
512534878
512613964
486565131
494671322
475483253
468662874
483299915
492812056
475132527
474760708
479987509
475914750
482712810
480610491
480666092
499659723
487940742
482850152
475914713
488124744
383169921
512060163
515288534
514476855
519837546
481453987
481453991
485123228
504291493
508399163
484702081
476196418
517155791
482712801
507205821
475488938
517285919
520287830
491613565
484543307
495807427
491091987
521271555
481877946
508346287
493113318
486727988
475515069
495706305
510361593
4789647842
50834672
45623212
48780317
49793105
48756986
49248650
51447948
51450535
47945569
49107910
50370233
49521457
52184286
50084109
48644912
48983436
50152588
49521458
51849454
47332844
49549797
49521459
47391801
50713347
50713351
49577954
49577956
51844440
47867970
51131506
50323346
51840364
52184284
50713797
51267468
50922423
51386668
48928836
49314308
51360976
47591472
50879042
49469547
49469545
51482163
50577648
48320392
47591476
48031554
48420352
48512323
51428296
48744913
16182425
48473816
48974835
47143758
47591474
48974836
49125016
49311360
48420353
50049651
51314756
48721288
47476242
48560848
51849455
48247132
48630644
48311362
49469546
50323740
48721599
49658444
48477921
51204848
50714510
51314757
47561577
49656186
51314759
47652000
48031552
51900703
52206166
47551507
49248642
51314758
47751151
48594513
49469544
52331783
49249154
52331785
47155712
49967979
52331781
52331786
48031553
48815020
49311636
51826761
48031550
51108253
48320393
50049647
48031555
48512326
49502457
48031551
48630646
52331784
48978993
48842207
50776507
51093959
48721212
49395333
47901805
48651054
51878498
52331782
47553151
51094235
51594459
47101662
49583755
50006944
48244298
48526514
48721222
48878010
49469942
51094209
47945568
48630645
50049630
51885810
48634305
52000792
48051142
48151791
48584596
48584577
50049650
47901806
48919113
47954578
48928834
48983459
51054378
51482165
47806550
48420350
49007133
49259641
48784202
48634350
48311528
48634306
48983460
50577651
52184283
52184566
47477550
47689770
47852595
48571299
48584576
48929780
51160317
51302941
52001293
48634294