34426260
34426570
34426675
30455580
2102315040
2143315044
2102313387
47947097
50168063
51177019
47694855
47711449
48703840
51995020
471611299
47568568
38129246
381292449
4835723895
47208057
47805969
46626180
4713685843
38317005
38317006
47591473
38317003
49832976
51261395432
51253488
51259611
51253483
51253487
51261396423
48656513
49467132
47548325
46866287
48329991
49281205
47513252
47476070
47998750
47591475
48271281
48061049123
48066609
49965972
48794074
48285015
47591471
48812474
38316992123
51206016
51528853
51447685
51983754
48145398
4814539913
48512322
5042914931
5083991631
4847020814
47619641
51715579145
482712801414
5072058214
47548893
51728591
52028783
49161356
48454330756
49580742756
491091987
52127155
48187794
508346287
49311331
48672798
47551506
495706305675561
510361593142
4789647842
50834672
45623212
48780317
49793105
48756986
49248650
51447948
51450535
47945569
49107910
50370233
49521457
52184286
50084109
48644912
48983436
50152588
49521458
51849454
47332844
49549797
49521459
47391801
50713347
50713351
49577954
49577956
51844440
47867970
51131506
50323346
51840364
52184284
50713797
51267468
50922423
51386668
48928836
49314308
51360976
47591472
50879042
49469547
49469545
51482163
50577648
48320392
47591476
48031554
48420352
48512323
51428296
48744913
48473816
48974835
47143758
47591474
48974836
49125016
49311360
48420353
50049651
51314756
48721288
47476242
48560848
51849455
48247132
48630644
48311362
49469546
50323740
48721599
49658444
48477921
51204848
50714510
51314757
47561577
49656186
51314759
47652000
48031552
51900703
52206166
47551507
49248642
51314758
47751151
48594513
49469544
52331783
49249154
52331785
47155712
49967979
52331781
52331786
48031553
48815020
49311636
51826761
48031550
51108253
48320393
50049647
48031555
48512326
49502457
48031551
48630646
52331784
48978993
48842207
50776507
51093959
48721212
49395333
47901805
48651054
51878498
52331782
47553151
51094235
51594459
47101662
49583755
50006944
48244298
48526514
48721222
48878010
49469942
51094209
47945568
48630645
50049630
51885810
48634305
52000792
48051142
48151791
48584596
48584577
50049650
47901806
48919113
47954578
48928834
48983459
51054378
51482165
47806550
48420350
49007133
49259641
48784202
48634350
48311528
48634306
48983460
50577651
52184283
52184566
47477550
47689770
47852595
48571299
48584576
48929780
51160317
51302941
52001293
48634294